input x, h
dfridr=    1.000000     1.000000     0.000000
dfridr=    3.425524     3.425519     0.000001
dfridr=    3.425528     3.425519     0.000002
dfridr=  199.857010   199.850062     0.009995
